[Random forest trees count] [percent of prediction]    
1 47.4137931034
2 54.3103448276
3 48.275862069
4 56.8965517241
5 48.275862069
6 50.8620689655
7 53.4482758621
8 51.724137931
9 55.1724137931
10 54.3103448276
11 55.1724137931
12 56.8965517241
13 50.8620689655
14 52.5862068966
15 55.1724137931
16 54.3103448276
17 55.1724137931
18 55.1724137931
19 53.4482758621
20 56.0344827586
21 55.1724137931
22 51.724137931
23 55.1724137931
24 54.3103448276
25 54.3103448276
26 54.3103448276
27 56.8965517241
28 56.8965517241
29 54.3103448276
30 58.6206896552
31 56.0344827586
32 55.1724137931
33 58.6206896552
34 54.3103448276
35 54.3103448276
36 56.0344827586
37 56.0344827586
38 55.1724137931
39 56.8965517241
40 56.0344827586
41 56.0344827586
42 54.3103448276
43 55.1724137931
44 56.0344827586
45 56.8965517241
46 56.0344827586
47 53.4482758621
48 56.8965517241
49 54.3103448276
50 55.1724137931
51 55.1724137931
52 58.6206896552
53 55.1724137931
54 54.3103448276
55 56.8965517241
56 56.8965517241
57 56.0344827586
58 56.0344827586
59 55.1724137931
60 56.0344827586
61 56.0344827586
62 55.1724137931
63 57.7586206897
64 56.8965517241
65 56.8965517241
66 56.0344827586
67 56.8965517241
68 57.7586206897
69 56.0344827586
70 56.8965517241
71 55.1724137931
72 56.0344827586
73 56.0344827586
74 56.0344827586
75 56.8965517241
76 56.0344827586
77 56.0344827586
78 56.0344827586
79 55.1724137931
80 56.0344827586
81 55.1724137931
82 54.3103448276
83 56.8965517241
84 55.1724137931
85 56.0344827586
86 54.3103448276
87 56.0344827586
88 55.1724137931
89 56.8965517241
90 56.0344827586
91 56.0344827586
92 55.1724137931
93 55.1724137931
94 56.8965517241
95 56.0344827586
96 56.8965517241
97 55.1724137931
98 56.8965517241
99 56.8965517241